# z ax ay size step_m tiles bytes sha1  (M4-T16, tools/gen_elevation_atlas.py)
0 0 0 2048 1 1 192852 dcf006452d25
1 0 0 2048 1 4 620691 ca6b538c00e1
2 0 0 2048 1 16 2088367 e90a51914e39
3 0 0 2048 1 15 1832305 cb3ad998d2d3
3 0 1 2048 1 15 1439074 f5f50aaa26ad
3 1 0 2048 1 15 2322090 683fb8096b79
3 1 1 2048 1 16 1747933 d684999f1bb6
4 0 0 2048 1 8 825860 202d51410e0e
4 0 1 2048 1 16 2039326 64ca430fac94
4 0 2 2048 1 9 20138 6575b5d8675b
4 0 3 2048 1 16 1594867 91b42a3c8719
4 1 0 2048 1 16 2252059 d192405b7cd8
4 1 1 2048 1 15 1468982 569f8e2cf6a5
4 1 2 2048 1 15 1024850 55e9ed6393d5
4 1 3 2048 1 16 1973394 5a0f437a3b2b
4 2 0 2048 1 12 706841 8f3c6c793981
4 2 1 2048 1 16 3772944 ef244b1ad630
4 2 2 2048 1 14 626369 a5cc0fa74bc7
4 2 3 2048 1 16 2043345 8bfd9cceb7c6
4 3 0 2048 1 9 1166773 5818919a92a4
4 3 1 2048 1 15 2875385 ab1ea436baec
4 3 2 2048 1 14 686317 02cc503c50e9
4 3 3 2048 1 16 2252896 c472914fa378
5 0 1 2048 1 8 841399 d490f5d8f344
5 0 2 2048 1 12 1511677 fa2417606ef7
5 0 3 2048 1 9 23805 9aa2470697b8
5 0 4 2048 1 13 23909 630880d87799
5 0 5 2048 1 1 16639 1c581b6a55c4
5 0 6 2048 1 9 584475 7271212f9d19
5 0 7 2048 1 16 1290405 38c6c3693a55
5 1 0 2048 1 4 210886 863d1c943b3e
5 1 1 2048 1 16 1804501 1650303f800a
5 1 2 2048 1 16 4261716 485de1cc249d
5 1 3 2048 1 12 1621830 54a2093418eb
5 1 4 2048 1 4 19068 e9cbf1840597
5 1 6 2048 1 13 1267030 cd0f3b318e54
5 1 7 2048 1 16 1559994 2667e19290c0
5 2 0 2048 1 15 2019445 560ad214ae02
5 2 1 2048 1 16 2464566 b39046ece0b9
5 2 2 2048 1 16 2286532 2f1b9ad54eb4
5 2 3 2048 1 12 1262339 f61992098f95
5 2 4 2048 1 15 2701870 3a6038202c57
5 2 5 2048 1 10 603694 7f526b37534b
5 2 6 2048 1 14 1502410 ec14ac0cc9d6
5 2 7 2048 1 16 1680777 2c274e9bde5d
5 3 0 2048 1 13 1468874 557787b6f69a
5 3 1 2048 1 14 1621850 6586163f2c19
5 3 2 2048 1 8 687179 319f677326e6
5 3 3 2048 1 10 1093576 8c40344708c3
5 3 4 2048 1 9 423543 ea43cb6f6953
5 3 5 2048 1 4 21750 d0e7609f9e4b
5 3 6 2048 1 12 1125467 20df5f4107e1
5 3 7 2048 1 16 1659577 a331ef1d5adc
5 4 0 2048 1 4 184329 86857585ba4a
5 4 1 2048 1 11 862054 914815353949
5 4 2 2048 1 16 3430149 e658f4aac1d5
5 4 3 2048 1 16 3663665 b51d965befd5
5 4 4 2048 1 13 2038289 3be4c008be37
5 4 5 2048 1 2 16311 378eb75566d7
5 4 6 2048 1 16 1573062 4c0ccdaa916c
5 4 7 2048 1 16 1314634 8019534e5a82
5 5 0 2048 1 8 155946 5e9e898218ac
5 5 1 2048 1 16 1241363 8474e195b2d4
5 5 2 2048 1 16 3721130 8580ef087202
5 5 3 2048 1 15 2911648 f1336c765bf1
5 5 4 2048 1 7 158486 571e4136fcb5
5 5 5 2048 1 6 45569 535cd0b02caf
5 5 6 2048 1 16 2117140 6ad6c0ac1e12
5 5 7 2048 1 16 1009225 d3c945cc9cd8
5 6 0 2048 1 3 147139 1ad5dd468408
5 6 1 2048 1 15 2705233 173ad35c897a
5 6 2 2048 1 16 5304034 0314cb144f65
5 6 3 2048 1 16 2856043 2d38d5589e78
5 6 4 2048 1 12 1074794 f6e743a8c8d7
5 6 5 2048 1 4 85216 ce7294b1b5bd
5 6 6 2048 1 16 1544972 dd5443617df0
5 6 7 2048 1 16 1196987 7d8ed92fcd45
5 7 1 2048 1 14 1301948 07dbbb693222
5 7 2 2048 1 14 2445788 dfdd3588cdb1
5 7 3 2048 1 11 103124 798d03df155f
5 7 4 2048 1 16 1133790 bb22ece282d5
5 7 5 2048 1 9 141860 f0371a967558
5 7 6 2048 1 16 1712609 7f2d1943b71e
5 7 7 2048 1 16 2227014 2914f324f1a9
6 2 5 2048 1 14 3742701 a22253462705
6 4 5 2048 1 16 3424523 d470bc961bc5
6 4 6 2048 1 14 1573661 79da58a4f51e
6 8 4 2048 1 15 2436531 af07456f1672
6 8 5 2048 1 16 3527569 11d2e654a372
6 8 6 2048 1 16 2737361 f0d94d02067a
6 9 4 2048 1 16 2833383 289e3ea0d8b2
6 9 5 2048 1 16 3432763 1d73b8934b30
7 4 10 2048 1 15 2913764 f7ac5a9cd970
7 4 11 2048 1 4 291561 3c363f9b03a0
7 5 10 2048 1 16 5084725 cbe7060d8bc1
7 5 11 2048 1 16 5263564 34bdd4158212
7 9 11 2048 1 16 3819906 8b6d0a4a050f
7 9 12 2048 1 9 863122 eaac84c194ff
7 16 10 2048 1 15 2074876 baef4e2cafe9
7 16 11 2048 1 16 3871869 2b7c779cff09
7 16 12 2048 1 16 2146815 86f3d14418e5
7 17 10 2048 1 16 2734873 f9c105266cef
7 17 11 2048 1 16 4019671 a67b7ec33a1a
7 17 12 2048 1 16 1087871 e1a51b3d0804
7 18 10 2048 1 16 3027772 324a1b19e743
8 9 22 2048 1 5 490755 f9d3e55cd4c8
8 10 22 2048 1 16 4573191 c0b3c6acfc6a
8 18 23 2048 1 16 3599227 1b3d3c1c5b4c
8 18 24 2048 1 15 2319371 09c99fd63e53
8 19 23 2048 1 15 2294944 5ed9ffe86244
8 19 24 2048 1 1 37785 f628f0010e4d
8 33 21 2048 1 16 3559202 13677a33ae4f
8 33 22 2048 1 16 4649344 22f0d7b30163
8 33 23 2048 1 16 2078515 a9f61726e99b
8 33 24 2048 1 14 918285 36d88371976a
8 34 21 2048 1 16 3170600 0db3a8209d98
8 34 22 2048 1 16 4420473 2f87170e2044
8 34 23 2048 1 16 2603260 ad85a36751f6
8 34 24 2048 1 16 1320023 819bbc23c411
8 35 20 2048 1 16 1770013 01b05ea74a13
8 35 21 2048 1 16 2902142 49a0ee31a8a3
8 35 22 2048 1 16 3018155 46e8bc2dfca4
9 20 44 2048 1 12 2823651 06207dddf477
9 20 45 2048 1 4 1076599 43898e7640fd
9 37 47 2048 1 3 643448 b5c73527d984
9 37 48 2048 1 6 716791 ce528feebd1e
9 38 47 2048 1 1 137175 5d96e2b61d0b
9 38 48 2048 1 2 72858 ef9c223de4c2
9 66 44 2048 1 6 1420658 e99608543b3c
9 66 45 2048 1 2 611469 d14fa4e3447a
9 67 43 2048 1 1 201388 e88a318c7c30
9 67 44 2048 1 12 2726319 80eda3bc5cdd
9 67 45 2048 1 16 4113939 13c3a83f51a2
9 67 46 2048 1 4 639602 3c11fc10d53b
9 68 43 2048 1 5 1031479 76e9c8ba1a5e
9 68 44 2048 1 16 3705690 121cb4d8c7d8
9 68 45 2048 1 6 1971150 bb1ca018433a
9 68 47 2048 1 9 1141825 eceadf6e9e4b
9 69 42 2048 1 3 503470 2b0a78077890
9 69 43 2048 1 15 2798061 a190a0d04f0d
9 69 44 2048 1 6 1420655 e52c005b3aaa
9 70 42 2048 1 14 1332898 7267384f6825
9 70 43 2048 1 7 1158369 5e4a3a85744b
9 71 42 2048 1 8 922520 8ec3242181bc
10 40 89 2048 1 8 1105011 34c3e02e7493
10 40 90 2048 1 2 313729 1d843140e8f1
10 41 89 2048 1 8 1518815 4e7670674310
10 41 90 2048 1 2 505971 fb9828c6f3ca
10 75 95 2048 1 4 580118 843ee91ee3dc
10 75 96 2048 1 12 880597 b807fc0539f7
10 133 89 2048 1 8 1617723 770b3dcb1b06
10 133 90 2048 1 2 531146 30e481c28a75
10 134 89 2048 1 12 2166153 81c78ed36444
10 134 90 2048 1 7 1974036 3b6bf0a154dc
10 134 91 2048 1 12 1646250 77875921ac98
10 135 88 2048 1 4 588341 c5a92862d6e4
10 135 89 2048 1 7 1710435 7d71d6425eb6
10 135 90 2048 1 15 4056271 3d601a42cfc6
10 135 91 2048 1 11 2128381 645f6b6b9318
10 136 88 2048 1 16 1903866 a8a7dd7d0adb
10 136 89 2048 1 16 3593650 2b389747dce0
10 136 90 2048 1 10 2767661 2030705bf5ef
10 136 94 2048 1 3 496064 7453841237e2
10 136 95 2048 1 9 359276 90641f24c88f
10 137 87 2048 1 3 524087 348b8fac5cce
10 137 88 2048 1 15 2305298 c6dc2d960ee2
10 137 89 2048 1 10 2415993 a57a65ab3ee7
10 137 94 2048 1 1 277995 aaeaad49cb81
10 137 95 2048 1 3 458626 5c2399d6dc91
10 138 86 2048 1 3 378149 56af3913ef53
10 138 87 2048 1 15 1978881 39141992ae43
10 138 88 2048 1 10 1605264 b6f1ea8298c5
10 139 85 2048 1 2 280448 2920100b5b89
10 139 86 2048 1 15 2218893 4a25f6229406
10 139 87 2048 1 12 1817967 f24c9ba89f74
10 140 84 2048 1 1 105497 5e9f205bc908
10 140 85 2048 1 13 903331 bb236de1a489
10 140 86 2048 1 13 1653529 ab6d572e3c21
10 140 87 2048 1 1 139560 c7b5dc062bf6
10 141 84 2048 1 11 720934 9c226b586249
10 141 85 2048 1 15 1148583 d66e2c460b07
10 141 86 2048 1 1 102667 751fbae179a5
10 142 84 2048 1 6 473254 fa8195f86387
10 142 85 2048 1 4 349152 c66bdb9853bf
11 81 178 2048 1 6 536531 e3d078460d84
11 81 179 2048 1 9 818917 374ba07d15d1
11 82 178 2048 1 6 708370 93af804bda5f
11 82 179 2048 1 9 1160841 a0aae0864803
11 150 192 2048 1 8 584891 89a7020a0393
11 150 193 2048 1 2 129957 a265723d75fe
11 151 192 2048 1 12 622190 8142196f1919
11 151 193 2048 1 3 15785 9f31211f1103
11 267 178 2048 1 4 601544 1996b1bd33ad
11 267 179 2048 1 6 799674 a2b9db1c16d3
11 268 178 2048 1 6 741301 dca2193df3f2
11 268 179 2048 1 9 1225781 5100a1f95372
11 269 182 2048 1 11 1933860 58a3e8147116
11 269 183 2048 1 6 276275 a765fff6bfbe
11 270 182 2048 1 15 3037613 238d7bac1c54
11 270 183 2048 1 4 233062 5173ba0eb22c
11 271 178 2048 1 2 424392 f71ab231687a
11 271 179 2048 1 8 1820050 adc153dcf13e
11 271 180 2048 1 13 2821485 ea3c7780ce60
11 272 176 2048 1 8 808548 5a59fb3683e7
11 272 177 2048 1 16 1082791 9e2c1cb4f353
11 272 178 2048 1 4 812765 0ab3659de33a
11 272 179 2048 1 16 3366814 498d057b730b
11 272 180 2048 1 13 2802915 0367aa779747
11 272 189 2048 1 1 170276 dedf60bbda8e
11 272 190 2048 1 4 17217 17d0380caa06
11 273 176 2048 1 4 452651 7b9ddf359aa8
11 273 177 2048 1 9 943092 71a5333fbc5d
11 273 189 2048 1 4 506219 8e35e23c8794
11 273 190 2048 1 16 891927 b2cca3d0e59c
11 282 169 2048 1 7 365199 1e77225d04b1
11 282 170 2048 1 16 782839 10d4fb2c24e7
11 283 169 2048 1 16 793413 a9e65bec4bac
11 283 170 2048 1 13 720804 559f29585565
11 284 169 2048 1 4 287395 8ae2b4c822bc
11 284 170 2048 1 2 133186 d0a59707338e
12 163 357 2048 0.25 6 430553 3f3a9c141034
12 163 358 2048 0.25 12 1065244 4547f09b96b0
12 163 359 2048 0.25 3 312159 27d07ec03479
12 164 357 2048 0.25 8 916680 7593a74889e7
12 164 358 2048 0.25 16 1921616 a1d94dd5ec4a
12 164 359 2048 0.25 4 461888 804ad1ed8b4d
12 301 384 2048 0.25 6 615651 1d3372c9c639
12 301 385 2048 0.25 12 533953 c55bf89d9a76
12 302 384 2048 0.25 8 763242 38416554d5f6
12 302 385 2048 0.25 16 571055 ccd1f65d81c3
12 535 357 2048 0.25 6 886032 86aa22b0cf88
12 535 358 2048 0.25 8 1152259 a6220ed1509d
12 535 359 2048 0.25 2 273512 6c48e0fa3b12
12 536 357 2048 0.25 12 1463630 90ae7afcd991
12 536 358 2048 0.25 16 2032066 357235420383
12 536 359 2048 0.25 4 515715 99eba01de91a
12 537 357 2048 0.25 3 438664 e92b178a7c4e
12 537 358 2048 0.25 4 731362 1e3dffb4669a
12 537 359 2048 0.25 1 159111 c772299fcd0c
12 538 364 2048 0.25 1 263193 eb80f4193839
12 538 365 2048 0.25 4 599860 a0276b94aa1b
12 538 366 2048 0.25 2 160474 e2c72f87fbb3
12 539 364 2048 0.25 7 1548777 8dd1396ab91b
12 539 365 2048 0.25 16 1975424 e1749dfd6b18
12 539 366 2048 0.25 8 399534 e6be5e66ae4a
12 540 364 2048 0.25 15 3093523 b2974196f27d
12 540 365 2048 0.25 11 1776527 70f4f66770f7
12 540 366 2048 0.25 4 269640 2465ed883348
12 543 358 2048 0.25 6 1345806 40bd03fceac3
12 543 359 2048 0.25 8 1839087 14dd81f4cb5a
12 544 353 2048 0.25 2 303871 00469b71e5e7
12 544 354 2048 0.25 4 408151 182dff36385c
12 544 355 2048 0.25 1 104375 3e86a7f7476c
12 544 358 2048 0.25 12 2705132 12c8053d766a
12 544 359 2048 0.25 16 3159354 281aeac61286
12 545 353 2048 0.25 8 873647 805290a03dc5
12 545 354 2048 0.25 16 1147375 cca2ee7020cb
12 545 355 2048 0.25 4 297347 17beb93d9bb4
12 545 358 2048 0.25 9 1827955 0edecf5c2590
12 545 359 2048 0.25 16 3380244 9b315f430fa4
12 546 353 2048 0.25 4 467077 7e1724ba1294
12 546 354 2048 0.25 8 915691 f7a7a6e98e95
12 546 355 2048 0.25 2 233278 370b917a18c3
12 546 380 2048 0.25 16 785806 b4f7ef9593e6
12 546 381 2048 0.25 12 24895 7fd3263a0801
12 547 380 2048 0.25 12 1306820 51881e9af33c
12 547 381 2048 0.25 9 577872 13660724becc
12 566 338 2048 0.25 6 383528 ec86c2426d2f
12 566 339 2048 0.25 14 804364 6278996c473a
12 566 340 2048 0.25 14 814713 44b57ad12e98
12 567 338 2048 0.25 8 594550 245a545a7b5d
12 567 339 2048 0.25 16 1089664 baf633b67257
12 567 340 2048 0.25 8 510136 e44c4b0ca531
12 568 338 2048 0.25 2 192858 b9194e3d8043
12 568 339 2048 0.25 4 334872 51c8ba6378a0
12 568 340 2048 0.25 2 156850 f339837a0d53
13 327 715 2048 0.25 3 212509 7a76d76ddd5c
13 327 716 2048 0.25 12 825301 a3dfc7cab4ce
13 327 717 2048 0.25 6 350426 9769f89aed42
13 328 715 2048 0.25 4 433429 be93ad0cf9cb
13 328 716 2048 0.25 16 1893230 2ab63bb1142e
13 328 717 2048 0.25 8 891595 29d58673de47
13 603 769 2048 0.25 2 272447 1058f06f9423
13 603 770 2048 0.25 8 717897 89524c27a8dc
13 603 771 2048 0.25 2 84356 07b3613a569e
13 604 769 2048 0.25 4 429261 056e3bc2946e
13 604 770 2048 0.25 16 1318561 16ebaa291d42
13 604 771 2048 0.25 4 16644 91ee574ebcd1
13 1071 715 2048 0.25 2 353172 bea88844df0c
13 1071 716 2048 0.25 4 655144 0b639e5aa943
13 1071 717 2048 0.25 2 358499 7a5b1a373fa9
13 1072 715 2048 0.25 8 1172680 a65fb48061c9
13 1072 716 2048 0.25 16 1954261 b81eaf357f34
13 1072 717 2048 0.25 8 1165716 fa6657642cc9
13 1073 715 2048 0.25 4 593034 782f4f62553c
13 1073 716 2048 0.25 8 1211456 80ad19292ce6
13 1073 717 2048 0.25 4 508361 70034bf11496
13 1078 730 2048 0.25 4 610307 3df7023e8266
13 1078 731 2048 0.25 8 550973 528e74939a2b
13 1078 732 2048 0.25 2 118575 a527ec73e7bf
13 1079 730 2048 0.25 8 1284886 9cfeafad25b8
13 1079 731 2048 0.25 16 1080525 c1e9330148a9
13 1079 732 2048 0.25 4 191434 6ff616a2f603
13 1087 717 2048 0.25 3 775126 ce4cdcc89e5c
13 1087 718 2048 0.25 4 869655 1e7e4377f3e3
13 1088 717 2048 0.25 12 2704330 ce7482663867
13 1088 718 2048 0.25 16 2889650 50450728c5f7
13 1089 717 2048 0.25 6 1369671 7c7b544c0d2d
13 1089 718 2048 0.25 8 1536858 9ba04c3b5534
13 1090 708 2048 0.25 12 1226621 8e0525ebef56
13 1090 709 2048 0.25 9 622488 733139f29ae1
13 1091 708 2048 0.25 16 1243245 daacbb3b317f
13 1091 709 2048 0.25 12 854606 5fe4b1e60e86
13 1093 761 2048 0.25 16 428724 021c0002696e
13 1093 762 2048 0.25 8 47343 d0c51dbc84e0
13 1094 761 2048 0.25 8 754102 19a387f4f82e
13 1094 762 2048 0.25 4 110365 e4edec2436d4
13 1133 678 2048 0.25 8 659973 1d6f2bf65f4f
13 1133 679 2048 0.25 8 620121 1f1bc15a0f2d
13 1134 678 2048 0.25 16 1313872 e5229024a2b4
13 1134 679 2048 0.25 16 1199395 69bcb525c9db
13 1135 678 2048 0.25 4 441704 3b2365fe44c7
13 1135 679 2048 0.25 4 338968 d858b324e4f4
14 655 1432 2048 0.25 6 466803 8f1db70707cf
14 655 1433 2048 0.25 8 315069 cb87e7e5bb3c
14 656 1432 2048 0.25 12 1134289 638503de568e
14 656 1433 2048 0.25 16 1366661 16c305f49624
14 657 1432 2048 0.25 3 378470 b1b06797c3b5
14 657 1433 2048 0.25 4 293629 51ccd8b64109
14 1207 1540 2048 0.25 3 263732 fc1ab6e6e37c
14 1207 1541 2048 0.25 4 131161 729615727732
14 1208 1540 2048 0.25 12 834261 0c78b92a7700
14 1208 1541 2048 0.25 16 725764 84551b3bd0b7
14 1209 1540 2048 0.25 3 274541 46be794ce0c2
14 1209 1541 2048 0.25 4 320327 c47cf0aced5e
14 2144 1432 2048 0.25 8 718031 edbc6f8ec5bf
14 2144 1433 2048 0.25 8 819670 4ef79914b4e6
14 2145 1432 2048 0.25 16 1510526 d37bee13d395
14 2145 1433 2048 0.25 16 1443145 0ba345b9c53c
14 2146 1432 2048 0.25 4 571373 80451b7ade57
14 2146 1433 2048 0.25 4 457377 69f7bb1e0286
14 2157 1461 2048 0.25 2 274165 f381eeda3030
14 2157 1462 2048 0.25 8 427671 5b36d04e04f6
14 2157 1463 2048 0.25 4 138343 405659125200
14 2158 1461 2048 0.25 4 299814 96b1a2007d22
14 2158 1462 2048 0.25 16 749441 d93a4c8407a1
14 2158 1463 2048 0.25 8 256398 63898ccc3cd4
14 2159 1461 2048 0.25 1 108190 cdee8a0ed85c
14 2159 1462 2048 0.25 4 297668 a28100699b12
14 2159 1463 2048 0.25 2 57898 23ec4fbfe313
14 2176 1435 2048 0.25 6 1215784 f8bdf98d2d22
14 2176 1436 2048 0.25 12 1582366 7c1be720f3d8
14 2176 1437 2048 0.25 3 508908 281cc40f786d
14 2177 1435 2048 0.25 8 1342593 441b70f362b8
14 2177 1436 2048 0.25 16 1827618 3e2bfcd5f34a
14 2177 1437 2048 0.25 4 607404 2a8adcd58cbf
14 2181 1417 2048 0.25 12 766217 8370c396d7ef
14 2181 1418 2048 0.25 9 431067 56579e047f66
14 2182 1417 2048 0.25 16 692888 6098560350e3
14 2182 1418 2048 0.25 12 566553 fd6c8987bba0
14 2267 1357 2048 0.25 3 211637 77ac22f5a978
14 2267 1358 2048 0.25 4 277619 27c5c25949ae
14 2268 1357 2048 0.25 12 685650 81560c7ef4a2
14 2268 1358 2048 0.25 16 886309 d0fb2ee33834
14 2269 1357 2048 0.25 9 561136 d1a12286fb20
14 2269 1358 2048 0.25 12 765512 765286078b28
