H|gnd|1|EPLL
M|osm|2026-10-09T12:38:36Z|ODbL|openstreetmap.org/copyright
A|EPLL|51.721900|19.398100|23.0|osm
N|0|51.716230|19.372238||
N|1|51.723539|19.405734|X|
N|2|51.723647|19.406227||
N|3|51.720307|19.408545||
N|4|51.721888|19.408178||
N|5|51.722830|19.407055|HT|
N|6|51.724484|19.402372||
N|7|51.725351|19.401434||
N|8|51.725659|19.401670||
N|9|51.724802|19.405454|HT|
N|10|51.724976|19.404619||
N|11|51.719938|19.406820||
N|12|51.725712|19.404182||
N|13|51.726010|19.403983||
N|14|51.726310|19.403817||
N|15|51.726538|19.403686||
N|16|51.726723|19.403584||
N|17|51.726643|19.404050||
N|18|51.726348|19.404223||
N|19|51.726123|19.404390||
N|20|51.725859|19.403306||
N|21|51.726206|19.403059||
N|22|51.725853|19.403053||
N|23|51.726687|19.402788||
N|24|51.725854|19.403100||
N|25|51.725598|19.403168||
N|26|51.725859|19.403319||
N|27|51.725535|19.403575||
N|28|51.725778|19.402221||
N|29|51.726025|19.402201||
N|30|51.725824|19.402432||
N|31|51.726391|19.401996||
N|32|51.725907|19.401647||
N|33|51.725704|19.401878||
N|34|51.726271|19.401442||
N|35|51.725570|19.401263||
N|36|51.725788|19.401092||
N|37|51.725538|19.401116||
N|38|51.725583|19.401322||
N|39|51.726150|19.400889||
N|40|51.725419|19.400566||
N|41|51.725670|19.400539||
N|42|51.725463|19.400768||
N|43|51.726030|19.400336||
N|44|51.725299|19.400013||
N|45|51.725552|19.399984||
N|46|51.725342|19.400214||
N|47|51.725911|19.399782||
N|48|51.725237|19.399727||
N|49|51.725400|19.400480||
N|50|51.725496|19.400920||
N|51|51.725713|19.401920||
N|52|51.725758|19.402125||
N|53|51.725406|19.404730||
N|54|51.725105|19.401047||
N|55|51.725506|19.402151||
N|56|51.725021|19.401982||
N|57|51.726768|19.403555||
N|58|51.724968|19.400139||
N|59|51.724298|19.401492||
N|60|51.719822|19.408626||
N|61|51.721382|19.406220||
E|0|1|R|07/25|44.0|o|0|2453.5|
E|1|2|R|07/25|44.0|o|0|36.1|
E|3|4|T|B|23.0|d|0|178.5|51.721553,19.408342;51.721625,19.408326;51.721685,19.408304;51.721732,19.408282;51.721804,19.408242
E|4|5|T|B|23.0|d|0|130.4|51.721974,19.408093
E|5|1|T|B|23.0|d|0|127.2|51.723384,19.406392;51.723447,19.406286;51.723494,19.406155;51.723518,19.406029;51.723537,19.405891
E|6|7|T||23.0|d|0|128.6|51.724474,19.402277;51.724474,19.402185;51.724488,19.402086;51.724521,19.401992;51.724567,19.401909;51.724621,19.401850;51.725303,19.401466
E|7|8|T||23.0|d|0|41.0|51.725399,19.401422;51.725445,19.401426;51.725493,19.401440;51.725541,19.401474;51.725594,19.401530;51.725631,19.401594
E|9|10|T||23.0|d|0|66.4|51.724899,19.405327;51.724963,19.405186;51.725000,19.405029;51.725006,19.404885;51.725001,19.404754
E|11|3|T||23.0|d|0|126.1|
E|12|13|T||23.0|d|0|36.0|51.725785,19.404111
E|13|14|T||23.0|d|0|35.3|
E|14|15|T||23.0|d|0|26.9|
E|15|16|T||23.0|d|0|21.7|
E|15|17|P|8|||0|58.7|51.726578,19.403685;51.726615,19.403712;51.726636,19.403750;51.726649,19.403804;51.726665,19.403872;51.726725,19.404148;51.726705,19.404175;51.726679,19.404180;51.726658,19.404165;51.726643,19.404139;51.726637,19.404102
E|14|18|P|9|||0|59.9|51.726339,19.403818;51.726363,19.403831;51.726387,19.403853;51.726404,19.403892;51.726488,19.404277;51.726469,19.404305;51.726437,19.404321;51.726405,19.404311;51.726377,19.404276;51.726362,19.404231
E|13|19|P|10|||0|61.3|51.726048,19.403981;51.726081,19.404003;51.726106,19.404038;51.726207,19.404486;51.726181,19.404512;51.726158,19.404512;51.726135,19.404493;51.726123,19.404465;51.726118,19.404426
E|20|21|P|6|||0|49.7|51.725883,19.403337;51.725924,19.403357;51.725971,19.403364;51.726025,19.403354;51.726075,19.403326;51.726117,19.403284;51.726152,19.403227;51.726188,19.403146
E|22|21|P|6|||0|42.0|51.725895,19.403020;51.725941,19.402999;51.725983,19.402995;51.726030,19.403004;51.726081,19.403029;51.726111,19.403059;51.726140,19.403094
E|21|23|P|6|||0|56.7|
E|24|25|P|11|||0|31.3|51.725819,19.403077;51.725771,19.403064;51.725728,19.403072;51.725686,19.403099;51.725656,19.403130;51.725628,19.403175
E|26|25|P|11|||0|34.4|51.725830,19.403329;51.725802,19.403341;51.725763,19.403348;51.725718,19.403341;51.725676,19.403312;51.725641,19.403269;51.725614,19.403218
E|25|27|P|11|||0|88.6|51.725299,19.403101;51.725279,19.403151;51.725266,19.403211;51.725261,19.403278;51.725266,19.403346;51.725282,19.403411;51.725306,19.403468;51.725334,19.403508;51.725369,19.403542;51.725407,19.403562;51.725445,19.403575;51.725496,19.403580
E|28|29|P|5|||0|30.4|51.725808,19.402181;51.725844,19.402151;51.725884,19.402132;51.725924,19.402129;51.725965,19.402141;51.726000,19.402169
E|30|29|P|5|||0|30.3|51.725853,19.402435;51.725883,19.402432;51.725918,19.402414;51.725952,19.402384;51.725990,19.402329;51.726014,19.402260
E|29|31|P|5|||0|43.2|
E|8|32|P|4|||0|30.6|51.725684,19.401634;51.725719,19.401600;51.725761,19.401578;51.725801,19.401576;51.725840,19.401588;51.725877,19.401613
E|33|32|P|4|||0|30.6|51.725741,19.401881;51.725777,19.401874;51.725811,19.401853;51.725848,19.401813;51.725875,19.401767;51.725897,19.401705
E|32|34|P|4|||0|42.9|
E|7|35|P|3|||0|27.1|
E|35|36|P|3|||0|27.0|
E|37|36|P|3|||0|30.8|51.725571,19.401071;51.725603,19.401043;51.725645,19.401024;51.725686,19.401023;51.725724,19.401035;51.725759,19.401059
E|38|36|P|3|||0|30.8|51.725619,19.401327;51.725662,19.401316;51.725699,19.401294;51.725736,19.401247;51.725761,19.401202;51.725780,19.401142
E|36|39|P|3|||0|42.6|
E|40|41|P|2|||0|31.0|51.725442,19.400530;51.725470,19.400499;51.725501,19.400480;51.725536,19.400469;51.725570,19.400470;51.725607,19.400482;51.725641,19.400506
E|42|41|P|2|||0|31.0|51.725499,19.400772;51.725533,19.400766;51.725566,19.400749;51.725598,19.400719;51.725621,19.400688;51.725645,19.400641;51.725662,19.400584
E|41|43|P|2|||0|42.5|
E|44|45|P|1|||0|31.3|51.725320,19.399981;51.725351,19.399946;51.725386,19.399925;51.725424,19.399914;51.725459,19.399916;51.725492,19.399929;51.725523,19.399952
E|46|45|P|1|||0|31.2|51.725366,19.400217;51.725394,19.400216;51.725425,19.400207;51.725456,19.400187;51.725493,19.400147;51.725520,19.400099;51.725541,19.400042
E|45|47|P|1|||0|42.3|
E|48|44|T|A|23.0|d|0|20.9|
E|44|46|T|A|23.0|d|0|14.7|
E|46|49|T|A|23.0|d|0|19.5|
E|49|40|T|A|23.0|d|0|6.3|
E|40|42|T|A|23.0|d|0|14.8|
E|42|50|T|A|23.0|d|0|11.1|
E|50|37|T|A|23.0|d|0|14.4|
E|37|35|T|A|23.0|d|0|10.7|
E|35|38|T|A|23.0|d|0|4.3|
E|38|8|T|A|23.0|d|0|25.5|
E|8|33|T|A|23.0|d|0|15.2|
E|33|51|T|A|23.0|d|0|3.1|
E|51|52|T|A|23.0|d|0|15.0|
E|52|28|T|A|23.0|d|0|7.1|
E|28|30|T|A|23.0|d|0|15.4|
E|30|22|T|A|23.0|d|0|43.2|51.725839,19.402526;51.725844,19.402616
E|22|24|T|A|23.0|d|0|3.3|
E|24|20|T|A|23.0|d|0|14.3|
E|20|26|T|A|23.0|d|0|0.9|
E|26|12|T|A|23.0|d|0|64.7|51.725866,19.403657;51.725860,19.403766;51.725843,19.403875;51.725819,19.403966;51.725791,19.404035
E|12|53|T|A|23.0|d|0|50.9|
E|53|9|T|A|23.0|d|0|85.7|51.725162,19.405166;51.725075,19.405271;51.724998,19.405333
E|9|1|T|A|23.0|d|0|151.5|51.723954,19.405960;51.723904,19.405976;51.723848,19.405982;51.723801,19.405967;51.723742,19.405940;51.723664,19.405880;51.723610,19.405824
E|49|54|P|13|||0|124.1|51.725369,19.400475;51.725336,19.400481;51.725302,19.400497;51.725264,19.400529;51.725237,19.400567;51.725213,19.400620;51.724821,19.400619;51.724808,19.400673;51.724801,19.400740;51.724804,19.400805;51.724816,19.400872;51.724836,19.400928;51.724862,19.400974;51.724894,19.401010;51.724927,19.401032;51.724960,19.401044;51.724996,19.401044;51.725032,19.401034;51.725065,19.401011
E|52|55|P|12|||0|31.1|51.725725,19.402171;51.725694,19.402199;51.725654,19.402218;51.725614,19.402220;51.725579,19.402212;51.725538,19.402188
E|51|55|P|12|||0|31.1|51.725684,19.401915;51.725650,19.401920;51.725614,19.401936;51.725571,19.401977;51.725540,19.402029;51.725517,19.402089
E|55|56|P|12|||0|78.3|51.725104,19.402384;51.725061,19.402317;51.725038,19.402239;51.725023,19.402161;51.725013,19.402083
E|7|50|T||23.0|d|0|42.6|51.725397,19.401392;51.725434,19.401337;51.725465,19.401276;51.725488,19.401201;51.725503,19.401104;51.725507,19.401010
E|16|57|P|7|||0|5.4|
E|48|58|P|14|||0|147.9|51.725214,19.399724;51.725177,19.399726;51.725142,19.399742;51.725104,19.399772;51.725073,19.399818;51.725048,19.399867;51.724582,19.399865;51.724564,19.399927;51.724559,19.400032;51.724566,19.400136;51.724599,19.400206;51.724646,19.400243;51.724687,19.400270;51.724717,19.400284;51.724769,19.400305;51.724850,19.400294;51.724903,19.400243;51.724945,19.400168
E|6|59|T||23.0|d|0|64.2|
E|10|6|T|C|23.0|d|0|164.6|
E|10|53|T||23.0|d|0|56.0|51.725020,19.404718;51.725084,19.404794;51.725147,19.404837;51.725219,19.404853;51.725283,19.404842;51.725351,19.404796
E|60|3|T||23.0|d|0|54.2|
E|61|4|T|T|23.0|d|0|146.5|51.721824,19.407923
S|14|51.724968|19.400139|321.8|58|o
S|12|51.725021|19.401982|277.5|56|o
S|13|51.725105|19.401047|29.3|54|o
S|1|51.725552|19.399984|34.4|45|o
S|12|51.725506|19.402151|215.1|55|o
S|11|51.725535|19.403575|355.1|27|o
S|11|51.725598|19.403168|188.7|25|o
S|2|51.725670|19.400539|35.7|41|o
S|3|51.725788|19.401092|334.1|36|o
S|3|51.725788|19.401092|35.3|36|o
S|1|51.725911|19.399782|340.8|47|o
S|4|51.725907|19.401647|35.0|32|o
S|2|51.726030|19.400336|340.7|43|o
S|5|51.726025|19.402201|39.1|29|o
S|3|51.726150|19.400889|340.8|39|o
S|10|51.726123|19.404390|280.8|19|o
S|4|51.726271|19.401442|340.7|34|o
S|6|51.726206|19.403059|288.2|21|o
S|9|51.726348|19.404223|198.8|18|o
S|5|51.726391|19.401996|340.8|31|o
S|6|51.726687|19.402788|340.7|23|o
S|8|51.726643|19.404050|279.4|17|o
S|7|51.726768|19.403555|170.8|57|o
P|A||51.726806,19.402840;51.726826,19.402896;51.726848,19.402932;51.726867,19.402956;51.726934,19.403021;51.726958,19.403052;51.726981,19.403090;51.726995,19.403133;51.727122,19.403718;51.727128,19.403772;51.727126,19.403827;51.727088,19.404014;51.727070,19.404058;51.727048,19.404089;51.727022,19.404112;51.725724,19.404937;51.725687,19.404996;51.725630,19.405127;51.725417,19.405259;51.725297,19.404474;51.725302,19.404442;51.725302,19.404405;51.725297,19.404352;51.724814,19.402112;51.724671,19.401466;51.724230,19.399424;51.726067,19.399444
P|H||51.717936,19.401882;51.717924,19.402001;51.717921,19.402000;51.717842,19.402788;51.717844,19.402788;51.717833,19.402905;51.717553,19.402831;51.717656,19.401809
P|H||51.717622,19.403474;51.717801,19.403537;51.717754,19.403886;51.717569,19.403822
P|H||51.717754,19.403891;51.717642,19.404730;51.717619,19.404723;51.717619,19.404728;51.717465,19.404673;51.717476,19.404586;51.717318,19.404532;51.717407,19.403860;51.717557,19.403912;51.717569,19.403822;51.717730,19.403878;51.717729,19.403883
P|H||51.718578,19.404463;51.718502,19.404436;51.718493,19.404502;51.718090,19.404362;51.717956,19.405351;51.718496,19.405540;51.718594,19.404811
P|H||51.717640,19.404735;51.717580,19.405203;51.717400,19.405142;51.717461,19.404672
P|H||51.719812,19.406804;51.719641,19.406900;51.719701,19.407173;51.719871,19.407077
P|H||51.719888,19.407145;51.719684,19.407260;51.719758,19.407601;51.719962,19.407487
P|H||51.719352,19.407508;51.719193,19.407598;51.719254,19.407879;51.719413,19.407789
P|H||51.719975,19.407548;51.719816,19.407635;51.719871,19.407884;51.720029,19.407797
P|H||51.719783,19.407933;51.719871,19.407884;51.719816,19.407635;51.719729,19.407684
P|H||51.720099,19.408122;51.720044,19.407867;51.719888,19.407953;51.719943,19.408209
P|H||51.720385,19.409358;51.720657,19.409313;51.720634,19.408960;51.720362,19.409005
P|T|Bartolini Air Regional Sp. z o. o.|51.727256,19.402891;51.727186,19.402930;51.727193,19.402966;51.727133,19.403001;51.727195,19.403281;51.727189,19.403285;51.727215,19.403403;51.727219,19.403401;51.727261,19.403591;51.727247,19.403598;51.727256,19.403637;51.727269,19.403629;51.727276,19.403661;51.727263,19.403671;51.727293,19.403806;51.727427,19.403729;51.727391,19.403563;51.727366,19.403575;51.727316,19.403344;51.727336,19.403333;51.727331,19.403303;51.727388,19.403115;51.727378,19.403065;51.727286,19.402998;51.727275,19.402949;51.727269,19.402954
P|T|Terminal 3|51.727193,19.400184;51.727193,19.400538;51.727201,19.400644;51.727217,19.400761;51.727424,19.401709;51.726866,19.402025;51.726465,19.400178
