H|gnd|1|LIME
M|osm|2026-10-09T12:38:36Z|ODbL|openstreetmap.org/copyright
A|LIME|45.669360|9.708850|23.0|osm
N|0|45.669282|9.699098|X|
N|1|45.669071|9.699771||
N|2|45.668861|9.700141||
N|3|45.668455|9.700606||
N|4|45.668363|9.700674||
N|5|45.667994|9.700942|HR|
N|6|45.667848|9.701048||
N|7|45.667062|9.702048||
N|8|45.668873|9.701302|X|
N|9|45.668887|9.700294||
N|10|45.668565|9.699231||
N|11|45.668393|9.698796|HR|
N|12|45.668366|9.698726||
N|13|45.667957|9.697232||
N|14|45.664732|9.717927||
N|15|45.663743|9.724144|HR|
N|16|45.663744|9.724292||
N|17|45.664156|9.724642||
N|18|45.664624|9.724188|X|
N|19|45.670850|9.690849||
N|20|45.670897|9.689246||
N|21|45.670326|9.689029||
N|22|45.670174|9.688971|HR|
N|23|45.669542|9.688799|HI|
N|24|45.669146|9.689826||
N|25|45.678308|9.702612||
N|26|45.677922|9.702269|X|
N|27|45.674871|9.709376|X|
N|28|45.678416|9.703433||
N|29|45.678344|9.703016||
N|30|45.664697|9.723795||
N|31|45.665311|9.720490|X|
N|32|45.665629|9.718778|X|
N|33|45.665986|9.716853|X|
N|34|45.666344|9.714929|X|
N|35|45.668904|9.701135|X|
N|36|45.669090|9.700133|X|
N|37|45.669152|9.699798|X|
N|38|45.670195|9.694184|X|
N|39|45.670510|9.692487||
N|40|45.664994|9.719000||
N|41|45.671506|9.693462||
N|42|45.664860|9.718611|HR|
N|43|45.669676|9.699719||
N|44|45.669839|9.699602||
N|45|45.670332|9.699254|HR|
N|46|45.671197|9.698445||
N|47|45.669106|9.690340||
N|48|45.669009|9.691538||
N|49|45.668908|9.692086||
N|50|45.668804|9.692652||
N|51|45.668690|9.693270||
N|52|45.668576|9.693889||
N|53|45.668461|9.694510||
N|54|45.668327|9.695235||
N|55|45.668212|9.695855||
N|56|45.668099|9.696469||
N|57|45.667983|9.697091||
N|58|45.667867|9.697717||
N|59|45.667753|9.698332||
N|60|45.667655|9.698858||
N|61|45.667635|9.698962||
N|62|45.667524|9.699565||
N|63|45.667394|9.700261||
N|64|45.667355|9.700474||
N|65|45.666423|9.705478||
N|66|45.666308|9.706098||
N|67|45.666196|9.706699||
N|68|45.666083|9.707304||
N|69|45.665969|9.707917||
N|70|45.665856|9.708526||
N|71|45.665743|9.709133||
N|72|45.665619|9.709793||
N|73|45.665509|9.710387||
N|74|45.664480|9.715205|HI|
N|75|45.673452|9.695781||
N|76|45.673257|9.695348||
N|77|45.672683|9.694854||
N|78|45.671881|9.693761||
N|79|45.671729|9.693579|HR|
N|80|45.670723|9.691384|X|
N|81|45.671349|9.707373||
N|82|45.670947|9.709548||
N|83|45.671850|9.695300||
N|84|45.670524|9.689562||
N|85|45.670497|9.689711||
N|86|45.670488|9.690345||
N|87|45.669467|9.689831|HI|
N|88|45.669990|9.689964|HR|
N|89|45.670148|9.690021||
N|90|45.670669|9.691136||
N|91|45.671337|9.697972||
N|92|45.663880|9.725481||
N|93|45.664492|9.725483||
N|94|45.664621|9.724434||
N|95|45.670313|9.703497||
N|96|45.674572|9.697974||
N|97|45.674463|9.710390||
N|98|45.676508|9.701170||
N|99|45.671016|9.689866||
N|100|45.664405|9.725454||
N|101|45.669731|9.706747||
N|102|45.669601|9.707472||
N|103|45.667635|9.718028||
N|104|45.667341|9.719611||
N|105|45.666204|9.725727|HR|
N|106|45.666491|9.716852||
N|107|45.666899|9.717844|HR|
N|108|45.667025|9.718156||
N|109|45.669916|9.707196||
N|110|45.678106|9.703423||
N|111|45.678285|9.703656||
N|112|45.678027|9.703559||
N|113|45.678203|9.703795||
N|114|45.678122|9.703933||
N|115|45.667903|9.690934||
N|116|45.667798|9.691499||
N|117|45.667696|9.692057||
N|118|45.667580|9.692679||
N|119|45.667466|9.693294||
N|120|45.667352|9.693910||
N|121|45.670537|9.692428||
N|122|45.674199|9.695017||
N|123|45.664700|9.710064||
N|124|45.664795|9.709488||
N|125|45.664923|9.708824||
N|126|45.665019|9.708217||
N|127|45.665145|9.707607||
N|128|45.665253|9.707003||
N|129|45.665362|9.706395||
N|130|45.665445|9.705767||
N|131|45.665596|9.705164||
N|132|45.667372|9.694870||
N|133|45.667280|9.695500||
N|134|45.667253|9.696163||
N|135|45.666931|9.697364||
N|136|45.666759|9.697960||
N|137|45.666681|9.698602||
N|138|45.666432|9.699180||
N|139|45.666346|9.699868||
N|140|45.667131|9.696786||
E|0|1|T|AC|23.0|d|0|57.7|45.669196,9.699449;45.669133,9.699628
E|1|2|T|AC|23.0|d|0|37.1|45.669010,9.699887;45.668922,9.700043
E|2|3|T|AC|23.0|d|0|58.1|45.668773,9.700272;45.668629,9.700437
E|3|4|T|AC|23.0|d|0|11.5|
E|4|5|T|AC|23.0|d|0|46.0|
E|5|6|T|AC|23.0|d|0|18.2|
E|6|7|T|AC|23.0|d|0|121.1|45.667471,9.701323;45.667346,9.701452;45.667246,9.701593;45.667178,9.701724;45.667104,9.701887
E|8|9|T|AD|23.0|d|0|79.3|45.668896,9.701132;45.668920,9.700910;45.668918,9.700603;45.668903,9.700422
E|9|2|T|AD|23.0|d|0|12.3|
E|2|10|T|AD|23.0|d|0|78.4|45.668821,9.699952;45.668774,9.699791;45.668725,9.699645
E|10|11|T|AD|23.0|d|0|38.9|
E|11|12|T|AD|23.0|d|0|6.3|
E|12|13|T|AD|23.0|d|0|127.6|45.668108,9.698063;45.668017,9.697829;45.667979,9.697683;45.667960,9.697575;45.667951,9.697463;45.667952,9.697347
E|14|15|T|AA|23.0|d|0|498.5|45.664748,9.718102;45.664752,9.718299;45.664740,9.718534;45.664701,9.718806;45.663787,9.723873
E|15|16|T|AA|23.0|d|0|11.5|
E|16|17|T|AA|23.0|d|0|60.6|45.663769,9.724405;45.663813,9.724509;45.663861,9.724570;45.663935,9.724635;45.663996,9.724660;45.664049,9.724666;45.664102,9.724664
E|17|18|T|AA|23.0|d|0|65.1|45.664385,9.724512;45.664444,9.724475;45.664522,9.724400;45.664578,9.724301
E|19|20|T|AG|23.0|d|0|144.2|45.670995,9.690076;45.671016,9.690010;45.671060,9.689932;45.671088,9.689882;45.671108,9.689825;45.671130,9.689728;45.671135,9.689652;45.671129,9.689577;45.671116,9.689511;45.671094,9.689445;45.671067,9.689390;45.671028,9.689337;45.670993,9.689299;45.670950,9.689267
E|20|21|T|AG|23.0|d|0|65.7|
E|21|22|T|AG|23.0|d|0|17.5|
E|22|23|T|AG|23.0|d|0|72.0|45.669854,9.688848;45.669686,9.688792;45.669623,9.688790
E|23|24|T|AG|23.0|d|0|100.0|45.669446,9.688845;45.669372,9.688905;45.669302,9.688982;45.669254,9.689068;45.669220,9.689153;45.669197,9.689235;45.669182,9.689365
E|25|26|T||23.0|d|0|50.5|
E|27|26|R|12/30|18.0|o|0|649.3|
E|28|29|T||23.0|d|0|33.5|
E|29|25|T||23.0|d|0|32.3|45.678298,9.702753;45.678292,9.702686
E|25|26|T||23.0|d|0|230.4|45.678719,9.701649;45.678719,9.701610;45.678712,9.701583;45.678699,9.701561;45.678426,9.701311;45.678403,9.701292;45.678382,9.701285;45.678366,9.701287;45.678353,9.701291;45.678330,9.701310
E|30|31|R|10/28|45.0|o|0|266.4|
E|31|32|R|10/28|45.0|o|0|138.1|
E|32|33|R|10/28|45.0|o|0|155.2|
E|33|34|R|10/28|45.0|o|0|155.1|
E|34|8|R|10/28|45.0|o|0|1098.4|
E|8|35|R|10/28|45.0|o|0|13.5|
E|35|36|R|10/28|45.0|o|0|80.8|
E|36|37|R|10/28|45.0|o|0|27.0|
E|37|0|R|10/28|45.0|o|0|56.4|
E|0|38|R|10/28|45.0|o|0|396.1|
E|38|39|R|10/28|45.0|o|0|136.8|
E|40|31|T|AB|23.0|d|0|126.6|45.665048,9.719088;45.665099,9.719177;45.665135,9.719243;45.665179,9.719350;45.665238,9.719504;45.665283,9.719660;45.665307,9.719791;45.665326,9.719974;45.665338,9.720224
E|38|41|T||23.0|d|0|181.2|45.670286,9.693902;45.670323,9.693792;45.670366,9.693703;45.670408,9.693625;45.670456,9.693555;45.670514,9.693489;45.670597,9.693409;45.670669,9.693360;45.670745,9.693320;45.670821,9.693298;45.670905,9.693286;45.670995,9.693288;45.671072,9.693302;45.671139,9.693322
E|14|42|T|AB|23.0|d|0|55.2|
E|42|40|T|AB|23.0|d|0|34.2|45.664903,9.718817;45.664946,9.718915
E|40|32|T|AB|23.0|d|0|85.3|45.665070,9.719072;45.665152,9.719120;45.665223,9.719145;45.665332,9.719133;45.665416,9.719097;45.665512,9.719019;45.665569,9.718923
E|3|9|T|BC|23.0|d|0|53.8|
E|9|36|T|BC|23.0|d|0|25.9|
E|36|43|T|BC|23.0|d|0|72.6|
E|43|44|T|BC|23.0|d|0|20.3|
E|44|45|T|BC|23.0|d|0|61.1|
E|45|46|T|BC|23.0|d|0|116.8|45.670916,9.698842;45.670984,9.698776;45.671046,9.698700;45.671122,9.698591
E|24|47|T|A|23.0|d|0|40.3|
E|47|48|T|A|23.0|d|0|94.0|45.669011,9.691524
E|48|49|T|A|23.0|d|0|44.1|
E|49|50|T|A|23.0|d|0|45.6|
E|50|51|T|A|23.0|d|0|49.9|
E|51|52|T|A|23.0|d|0|49.8|
E|52|53|T|A|23.0|d|0|50.1|
E|53|54|T|A|23.0|d|0|58.4|
E|54|55|T|A|23.0|d|0|50.0|
E|55|56|T|A|23.0|d|0|49.4|
E|56|57|T|A|23.0|d|0|50.2|
E|57|13|T|A|23.0|d|0|11.3|
E|13|58|T|A|23.0|d|0|39.1|
E|58|59|T|A|23.0|d|0|49.6|
E|59|60|T|A|23.0|d|0|42.5|
E|60|61|T|A|23.0|d|0|8.4|
E|61|62|T|A|23.0|d|0|48.6|
E|62|63|T|A|23.0|d|0|56.1|
E|63|64|T|A|23.0|d|0|17.2|
E|64|7|T|A|23.0|d|0|126.9|
E|7|65|T|A|23.0|d|0|276.5|
E|65|66|T|A|23.0|d|0|50.0|
E|66|67|T|A|23.0|d|0|48.4|
E|67|68|T|A|23.0|d|0|48.8|
E|68|69|T|A|23.0|d|0|49.5|
E|69|70|T|A|23.0|d|0|49.1|
E|70|71|T|A|23.0|d|0|48.9|
E|71|72|T|A|23.0|d|0|53.3|
E|72|73|T|A|23.0|d|0|47.9|
E|73|74|T|A|23.0|d|0|393.2|45.665427,9.710855;45.665354,9.711101;45.665079,9.712047;45.664999,9.712402
E|74|14|T|A|23.0|d|0|217.3|45.664446,9.715405;45.664421,9.715609;45.664405,9.715820;45.664408,9.716019;45.664425,9.716219;45.664455,9.716444
E|75|76|T|BD|23.0|d|0|41.7|45.673436,9.695678;45.673414,9.695585;45.673380,9.695505;45.673321,9.695409
E|76|77|T|BD|23.0|d|0|74.4|45.673074,9.695188;45.672830,9.694982
E|77|78|T|BD|23.0|d|0|123.4|45.672551,9.694702;45.672324,9.694379
E|78|79|T|BD|23.0|d|0|22.2|45.671805,9.693654
E|79|41|T|BD|23.0|d|0|26.5|45.671648,9.693516
E|41|80|T|BD|23.0|d|0|191.3|45.671412,9.693408;45.671348,9.693354;45.671273,9.693274;45.671210,9.693192;45.671153,9.693093;45.671106,9.692989;45.671057,9.692834
E|75|81|T|Y|23.0|d|0|933.5|45.673455,9.695919;45.673440,9.696042
E|81|82|T|Y|23.0|d|0|175.3|
E|77|83|T||23.0|d|0|112.6|45.672596,9.694800;45.672532,9.694774;45.672465,9.694754;45.672402,9.694749;45.672317,9.694755;45.672235,9.694779;45.672153,9.694824;45.672089,9.694877;45.672008,9.694959;45.671938,9.695063;45.671887,9.695176
E|21|84|T||23.0|d|0|51.2|45.670389,9.689075;45.670435,9.689132;45.670474,9.689192;45.670504,9.689279;45.670526,9.689367;45.670534,9.689446
E|84|85|T||23.0|d|0|11.9|
E|85|86|T||23.0|d|0|51.1|45.670451,9.689953;45.670437,9.690060;45.670442,9.690133;45.670455,9.690216
E|47|87|T|AF|23.0|d|0|59.8|45.669131,9.690218;45.669176,9.690102;45.669242,9.689999;45.669310,9.689915;45.669377,9.689867
E|87|88|T|AF|23.0|d|0|59.6|45.669578,9.689818;45.669637,9.689833
E|88|89|T|AF|23.0|d|0|18.2|
E|89|86|T|AF|23.0|d|0|47.6|45.670219,9.690051;45.670291,9.690079;45.670338,9.690107;45.670389,9.690150;45.670422,9.690198;45.670454,9.690258
E|86|90|T|AF|23.0|d|0|64.8|
E|90|80|T|AF|23.0|d|0|20.2|
E|46|91|T|B|23.0|d|0|40.1|45.671245,9.698327;45.671283,9.698219
E|91|83|T|B|23.0|d|0|215.9|
E|83|78|T|B|23.0|d|0|125.4|45.671978,9.694588;45.672007,9.694417;45.672013,9.694289;45.672005,9.694179;45.671990,9.694061;45.671960,9.693948
E|16|92|T|AA|23.0|d|0|93.9|45.663780,9.724578
E|92|93|T|AA|23.0|d|0|102.4|45.663891,9.725569;45.663912,9.725648;45.663947,9.725721;45.663989,9.725781;45.664047,9.725835;45.664117,9.725875;45.664187,9.725886;45.664241,9.725884;45.664307,9.725862;45.664348,9.725828;45.664395,9.725786;45.664438,9.725712;45.664478,9.725600
E|93|94|T|AA|23.0|d|0|84.0|45.664477,9.725351;45.664473,9.725226
E|60|12|T||23.0|d|0|97.4|45.667690,9.698758;45.667734,9.698668;45.667787,9.698603;45.667850,9.698549;45.667927,9.698505;45.667990,9.698488;45.668070,9.698487;45.668143,9.698505;45.668212,9.698540;45.668281,9.698601
E|64|6|T||23.0|d|0|86.6|45.667347,9.700621;45.667366,9.700746;45.667406,9.700853;45.667458,9.700950;45.667529,9.701019;45.667605,9.701063;45.667689,9.701085;45.667760,9.701080
E|43|37|T||23.0|d|0|59.3|45.669487,9.699799;45.669379,9.699819;45.669270,9.699820
E|37|1|T||23.0|d|0|9.3|
E|1|10|T||23.0|d|0|71.7|45.668958,9.699713;45.668857,9.699635;45.668757,9.699541;45.668666,9.699412
E|4|35|T||23.0|d|0|78.7|45.668440,9.700650;45.668504,9.700644;45.668565,9.700654;45.668633,9.700685;45.668697,9.700727;45.668748,9.700774;45.668796,9.700841;45.668833,9.700919;45.668867,9.701010
E|8|44|T||23.0|d|0|173.9|45.669014,9.700886;45.669100,9.700648;45.669201,9.700421;45.669302,9.700240;45.669440,9.700030;45.669561,9.699875;45.669684,9.699745
E|17|92|T||23.0|d|0|76.0|45.664091,9.724693;45.664040,9.724753;45.664004,9.724816;45.663980,9.724884;45.663954,9.724983;45.663894,9.725292;45.663881,9.725373
E|84|20|T||23.0|d|0|52.7|45.670564,9.689447;45.670620,9.689354;45.670676,9.689295;45.670744,9.689254;45.670817,9.689238
E|85|89|T||23.0|d|0|49.7|45.670455,9.689833;45.670410,9.689907;45.670361,9.689958;45.670308,9.689996;45.670257,9.690019;45.670202,9.690025
E|91|95|T|B|23.0|d|0|445.3|
E|96|75|T|H|23.0|d|0|212.6|45.674525,9.697803;45.673562,9.696080;45.673510,9.695980;45.673477,9.695889
E|96|98|T||23.0|d|0|329.1|45.674650,9.698101;45.674679,9.698161
E|99|80|R||45.1|o|0|122.6|
E|80|39|R||45.1|o|0|89.2|
E|100|18|R||45.1|o|0|101.6|
E|18|30|R||45.1|o|0|31.7|
E|95|101|T|B|23.0|d|0|261.4|45.669782,9.706479
E|101|102|T|B|23.0|d|0|58.3|
E|102|103|T|B|23.0|d|0|851.0|
E|103|104|T|B|23.0|d|0|127.6|
E|104|105|T|B|23.0|d|0|493.1|
E|105|93|T|BA|23.0|d|0|262.9|45.666139,9.726117;45.666101,9.726231;45.666056,9.726326;45.665991,9.726409;45.665927,9.726459;45.665837,9.726492;45.665751,9.726491;45.664833,9.726148;45.664732,9.726104;45.664666,9.726052;45.664626,9.725999;45.664581,9.725922;45.664552,9.725845;45.664512,9.725612
E|34|106|T|BB|23.0|d|0|153.3|45.666310,9.715480;45.666300,9.715664;45.666304,9.715836;45.666323,9.716065;45.666354,9.716312;45.666404,9.716561
E|106|107|T|BB|23.0|d|0|89.5|
E|107|108|T|BB|23.0|d|0|28.1|
E|108|104|T|BB|23.0|d|0|122.0|45.667226,9.718652;45.667277,9.718795;45.667321,9.718968;45.667350,9.719169;45.667356,9.719268;45.667357,9.719416
E|109|81|T|L|23.0|d|0|172.2|45.671027,9.707617;45.671097,9.707626;45.671145,9.707622;45.671208,9.707596;45.671249,9.707562;45.671289,9.707510;45.671320,9.707456
E|109|101|T||23.0|d|0|44.4|45.669840,9.707146;45.669803,9.707101;45.669767,9.707035;45.669740,9.706951;45.669727,9.706863
E|109|102|T||23.0|d|0|45.3|45.669838,9.707189;45.669795,9.707197;45.669743,9.707224;45.669687,9.707277;45.669636,9.707355
E|110|111|T||23.0|d|0|27.2|45.678115,9.703458
E|112|113|T||23.0|d|0|27.4|45.678031,9.703592
E|29|110|T||23.0|d|0|41.3|
E|110|112|T||23.0|d|0|13.8|
E|112|114|T||23.0|d|0|41.6|45.677945,9.703701;45.677949,9.703731
E|27|97|T||23.0|d|0|91.1|
E|108|103|T|BB|23.0|d|0|81.3|45.667115,9.718268;45.667213,9.718322;45.667278,9.718336;45.667361,9.718322;45.667448,9.718288;45.667508,9.718248;45.667572,9.718164
E|106|33|T|BB|23.0|d|0|70.3|45.666435,9.716728;45.666373,9.716657;45.666314,9.716630;45.666258,9.716616;45.666199,9.716623;45.666140,9.716655;45.666099,9.716691;45.666057,9.716744
E|48|115|P||||1|138.2|45.668023,9.691164;45.667987,9.691152;45.667957,9.691125;45.667927,9.691080;45.667907,9.691029;45.667902,9.690986
E|49|116|P||||1|136.8|45.667900,9.691702;45.667866,9.691679;45.667846,9.691659;45.667825,9.691625;45.667808,9.691583;45.667799,9.691540
E|50|117|P||||1|138.0|45.667780,9.692265;45.667738,9.692230;45.667716,9.692196;45.667702,9.692154;45.667696,9.692108
E|51|118|P||||1|137.7|45.667664,9.692886;45.667630,9.692859;45.667610,9.692824;45.667594,9.692788;45.667583,9.692746
E|52|119|P||||1|138.4|45.667579,9.693518;45.667543,9.693504;45.667508,9.693466;45.667481,9.693414;45.667463,9.693351
E|53|120|P||||1|138.7|45.667438,9.694125;45.667414,9.694108;45.667388,9.694083;45.667369,9.694046;45.667356,9.694008;45.667349,9.693955
E|120|119|T|K|23.0|d|1|49.7|
E|119|118|T|K|23.0|d|1|49.6|
E|118|117|T|K|23.0|d|1|50.1|
E|117|116|T|K|23.0|d|1|44.9|
E|116|115|T|K|23.0|d|1|45.5|
E|115|24|T|K|23.0|d|1|178.6|45.667951,9.690681;45.667982,9.690594;45.668028,9.690498;45.668078,9.690431;45.668128,9.690374;45.668255,9.690255;45.668512,9.690001;45.668678,9.689844;45.668740,9.689810;45.668803,9.689785;45.668860,9.689779;45.668928,9.689785;45.669018,9.689807
E|24|87|T|K|23.0|d|1|35.7|45.669266,9.689840;45.669358,9.689839
E|90|121|T||23.0|d|0|103.2|45.670690,9.691302;45.670696,9.691404;45.670686,9.691633
E|76|122|T||23.0|d|0|207.2|45.673431,9.695461;45.673632,9.695548;45.674059,9.695749;45.674218,9.695815;45.674298,9.695812;45.674370,9.695770;45.674436,9.695682;45.674466,9.695586;45.674475,9.695456;45.674451,9.695336;45.674406,9.695256;45.674352,9.695203;45.674295,9.695181
E|73|123|P||||0|93.4|
E|72|124|P||||0|94.7|
E|71|125|P||||0|94.2|
E|70|126|P||||0|96.0|
E|69|127|P||||0|94.7|
E|68|128|P||||0|95.2|
E|67|129|P||||0|95.7|
E|66|130|P||||0|99.3|
E|65|131|P||||0|95.2|
E|54|132|P||||0|110.0|
E|55|133|P||||0|107.3|
E|56|134|P||||0|97.0|
E|58|135|P||||0|107.6|
E|59|136|P||||0|114.2|
E|61|137|P||||0|109.7|
E|62|138|P||||0|124.9|
E|63|139|P||||0|120.5|
E|57|140|P||||0|97.7|
E|98|26|S||||0|179.0|
S|S1|45.664700|9.710064|195.7|123|n
S|S2|45.664795|9.709488|194.6|124|n
S|S3|45.664923|9.708824|194.8|125|n
S|S4|45.665019|9.708217|194.5|126|n
S|S5|45.665145|9.707607|194.8|127|n
S|S6|45.665253|9.707003|194.2|128|n
S|S7|45.665362|9.706395|194.3|129|n
S|S8|45.665445|9.705767|195.1|130|n
S|S9|45.665596|9.705164|194.9|131|n
S|A15|45.666346|9.699868|194.7|139|g
S|A13|45.666432|9.699180|193.9|138|g
S|A11|45.666681|9.698602|194.8|137|g
S|A9|45.666759|9.697960|194.7|136|g
S|A7|45.666931|9.697364|194.8|135|g
S|A5|45.667131|9.696786|194.1|140|g
S|A3|45.667253|9.696163|194.2|134|g
S|S10|45.667352|9.693910|275.3|120|n
S|A1|45.667280|9.695500|195.0|133|g
S|A2|45.667372|9.694870|195.0|132|g
S|S11|45.667466|9.693294|274.7|119|n
S|S12|45.667580|9.692679|266.5|118|n
S|S13|45.667696|9.692057|270.0|117|n
S|S14|45.667798|9.691499|266.8|116|n
S|S15|45.667903|9.690934|270.6|115|n
G|A1|45.666816|9.695432
G|A10|45.666334|9.698146
G|A11|45.666236|9.698658
G|A12|45.666216|9.698765
G|A13|45.666104|9.699351
G|A14|45.666083|9.699458
G|A15|45.665989|9.699952
G|A2|45.666796|9.695540
G|A3|45.666692|9.696112
G|A4|45.666679|9.696187
G|A5|45.666578|9.696743
G|A6|45.666562|9.696829
G|A7|45.666469|9.697345
G|A8|45.666453|9.697432
G|A9|45.666350|9.698060
G|B1|45.665738|9.701270
G|B10|45.665705|9.701443
G|B2|45.665757|9.701168
G|B3|45.665852|9.700674
G|B4|45.665872|9.700567
G|B5|45.665969|9.700059
G|B6|45.665888|9.700483
G|B7|45.665843|9.700720
G|B8|45.665797|9.700959
G|B9|45.665763|9.701140
P|A||45.676411,9.701414;45.676513,9.701320;45.676551,9.701382;45.676601,9.701332;45.676564,9.701271;45.676646,9.701190;45.676752,9.701365;45.676874,9.701221;45.676941,9.701138;45.676839,9.700928;45.676782,9.700845;45.676636,9.701016;45.676538,9.700846;45.676679,9.700680;45.676630,9.700582;45.676477,9.700762;45.676379,9.700592;45.676597,9.700335;45.676489,9.700143;45.676271,9.700400;45.676173,9.700230;45.676128,9.700136;45.675966,9.699851;45.675772,9.699540;45.675658,9.699316;45.675467,9.698995;45.675384,9.698814;45.675135,9.698368;45.675544,9.697902;45.675568,9.697816;45.675533,9.697684;45.675546,9.697596;45.675694,9.697425;45.675793,9.697224;45.675329,9.696809;45.674679,9.698161;45.674594,9.698271;45.676075,9.700816;45.676097,9.700845|38,0,1;1,2,3;1,3,4;5,6,7;5,7,8;5,8,9;5,9,10;5,10,11;5,11,12;12,13,14;12,14,15;16,17,18;16,18,19;16,19,20;20,21,22;20,22,23;23,24,25;25,26,27;27,28,29;27,29,30;27,30,31;31,32,33;31,33,34;31,34,35;31,35,36;36,37,38;36,38,1;36,1,4;36,4,5;36,5,12;36,12,15;36,15,16;36,16,20;36,20,23;36,23,25;36,25,27;36,27,31
P|A||45.678699,9.703456;45.678526,9.703246;45.678083,9.704000;45.678251,9.704201;45.678302,9.704128;45.678691,9.703474|4,5,0;4,0,1;4,1,2;4,2,3
P|A|North Apron|45.674329,9.694816;45.674721,9.695441;45.674322,9.696271;45.673875,9.695900;45.673587,9.696580;45.673625,9.696722;45.673534,9.696946;45.673134,9.699066;45.672668,9.701499;45.672282,9.703626;45.671369,9.708515;45.671516,9.708567;45.671276,9.709842;45.670535,9.709570;45.670787,9.708195;45.670051,9.707928;45.670053,9.707856;45.669371,9.707585;45.670645,9.700691;45.671756,9.694801;45.673032,9.694889;45.673852,9.695414|1,0,21;21,20,19;21,19,18;21,18,17;21,17,16;21,16,15;21,15,14;21,14,13;13,12,11;13,11,10;13,10,9;13,9,8;13,8,7;13,7,6;6,5,4;3,2,1;3,1,21;13,6,4;4,3,21;4,21,13
P|A|South Apron|45.668624,9.691047;45.668886,9.689377;45.667910,9.690142;45.667586,9.691772;45.667072,9.694571;45.667075,9.694770;45.666598,9.697342;45.665773,9.701665;45.665708,9.701824;45.665661,9.701982;45.665530,9.702121;45.665081,9.704580;45.665499,9.704753;45.664460,9.710370;45.664990,9.710553|13,14,0;13,0,1;1,2,3;1,3,4;1,4,5;1,5,6;1,6,7;7,8,9;9,10,11;9,11,12;12,13,1;12,1,7;12,7,9
P|H||45.675110,9.697706;45.675226,9.697909;45.675397,9.697703;45.675271,9.697499|2,3,0;2,0,1
P|H||45.675467,9.698995;45.675658,9.699316;45.675794,9.699151;45.675602,9.698829|2,3,0;2,0,1
P|H||45.675908,9.699366;45.676102,9.699677;45.675966,9.699851;45.675772,9.699540|1,0,3;1,3,2
P|H||45.676175,9.699688;45.676310,9.699915;45.676128,9.700136;45.675993,9.699910|1,0,3;1,3,2
P|H||45.676391,9.699973;45.676489,9.700143;45.676271,9.700400;45.676173,9.700230|1,0,3;1,3,2
P|H||45.676597,9.700335;45.676695,9.700505;45.676477,9.700762;45.676379,9.700592|1,0,3;1,3,2
P|H||45.676756,9.700589;45.676854,9.700759;45.676636,9.701016;45.676538,9.700846|1,0,3;1,3,2
P|T|Aeroporto Internazionale Caravaggio di Orio al Serio|45.666879,9.695400;45.666671,9.695327;45.666441,9.696550;45.666225,9.696486;45.666105,9.697108;45.665892,9.698325;45.665541,9.698623;45.665459,9.698722;45.665421,9.698783;45.665393,9.698906;45.665290,9.699454;45.665182,9.700057;45.664839,9.701795;45.665563,9.702048;45.665667,9.701520;45.665726,9.701542;45.665778,9.701266;45.665848,9.701293;45.665843,9.701322;45.665901,9.701345;45.665928,9.701208;45.665869,9.701185;45.665861,9.701225;45.665791,9.701197;45.665889,9.700669;45.665960,9.700696;45.665953,9.700733;45.666010,9.700755;45.666038,9.700606;45.665979,9.700584;45.665972,9.700623;45.665902,9.700597;45.666005,9.700043;45.666075,9.700071;45.666071,9.700095;45.666138,9.700121;45.666158,9.700020;45.666098,9.699997;45.666097,9.700006;45.666018,9.699975;45.666120,9.699451;45.666142,9.699463;45.666192,9.699480;45.666186,9.699511;45.666248,9.699535;45.666269,9.699425;45.666209,9.699401;45.666207,9.699413;45.666155,9.699395;45.666133,9.699384;45.666255,9.698757;45.666383,9.698808;45.666398,9.698729;45.666270,9.698678;45.666370,9.698158;45.666452,9.698188;45.666448,9.698222;45.666515,9.698247;45.666551,9.698048;45.666480,9.698022;45.666465,9.698116;45.666374,9.698083;45.666489,9.697434;45.666577,9.697469;45.666574,9.697485;45.666624,9.697505;45.666641,9.697417;45.666586,9.697395;45.666584,9.697403;45.666502,9.697370;45.666607,9.696822;45.666687,9.696854;45.666680,9.696893;45.666736,9.696915;45.666765,9.696767;45.666706,9.696744;45.666699,9.696780;45.666621,9.696750;45.666728,9.696188;45.666804,9.696218;45.666797,9.696257;45.666856,9.696280;45.666884,9.696131;45.666824,9.696107;45.666817,9.696147;45.666742,9.696118;45.666855,9.695528;45.666927,9.695556;45.666920,9.695591;45.666983,9.695616;45.667010,9.695471;45.666954,9.695449;45.666946,9.695487;45.666868,9.695457|93,0,1;93,1,2;2,3,4;2,4,5;5,6,7;5,7,8;5,8,9;5,9,10;5,10,11;5,11,12;5,12,13;5,13,14;5,14,15;5,15,16;17,18,19;17,19,20;17,20,21;17,21,22;17,22,23;25,26,27;25,27,28;25,28,29;25,29,30;25,30,31;33,34,35;33,35,36;36,37,38;40,41,42;42,43,44;42,44,45;45,46,47;50,51,52;50,52,53;50,53,54;55,56,57;55,57,58;58,59,60;63,64,65;63,65,66;63,66,67;63,67,68;63,68,69;71,72,73;71,73,74;71,74,75;71,75,76;71,76,77;79,80,81;79,81,82;79,82,83;79,83,84;79,84,85;87,88,89;87,89,90;90,91,92;93,2,5;16,17,23;16,23,24;24,25,31;32,33,36;32,36,38;32,38,39;32,39,40;40,42,45;40,45,47;40,47,48;40,48,49;40,49,50;40,50,54;55,58,60;55,60,61;62,63,69;62,69,70;70,71,77;70,77,78;78,79,85;78,85,86;86,87,90;86,90,92;86,92,93;86,93,5;5,16,24;5,24,31;5,31,32;5,32,40;5,40,54;54,55,61;62,70,78;62,78,86;62,86,5;5,54,61;5,61,62
