H|gnd|1|LOWI
M|osm|2026-05-31T22:37:44Z|ODbL|openstreetmap.org/copyright
A|LOWI|47.260200|11.344000|23.0|osm
N|0|47.258876|11.331690||
N|1|47.259004|11.332830|X|
N|2|47.259104|11.333818|X|
N|3|47.259342|11.335969|X|
N|4|47.259491|11.337347|X|
N|5|47.260041|11.342450|X|
N|6|47.260633|11.347943|X|
N|7|47.260731|11.348846|X|
N|8|47.261075|11.352033|X|
N|9|47.261156|11.352840|X|
N|10|47.261403|11.355071|X|
N|11|47.261614|11.357032|X|
N|12|47.257934|11.339086||
N|13|47.258180|11.344942||
N|14|47.258238|11.345483||
N|15|47.258977|11.352384|HT|B1
N|16|47.259216|11.352896||
N|17|47.260863|11.352510||
N|18|47.258055|11.345238||
N|19|47.258940|11.337076||
N|20|47.262118|11.348330||
N|21|47.261986|11.348325|HR|Z
N|22|47.260924|11.348292||
N|23|47.257861|11.345288|HT|L1
N|24|47.257581|11.345359||
N|25|47.257476|11.344967||
N|26|47.257453|11.344755||
N|27|47.257282|11.343207||
N|28|47.258785|11.330918|X|
N|29|47.257394|11.344883||
N|30|47.256487|11.345098||
N|31|47.260107|11.332832|HR|Y
N|32|47.260408|11.332761||
N|33|47.261354|11.337481||
N|34|47.261793|11.342042|X|
N|35|47.257544|11.345750||
N|36|47.258238|11.338479|HR|
N|37|47.259852|11.352750|HR|
N|38|47.255727|11.345431||
N|39|47.255901|11.345528||
N|40|47.255329|11.345558||
N|41|47.255369|11.345374||
E|0|1|R|08/26|45.0|o|0|87.4|
E|1|2|R|08/26|45.0|o|0|75.6|
E|2|3|R|08/26|45.0|o|0|165.0|
E|3|4|R|08/26|45.0|o|0|105.6|
E|4|5|R|08/26|45.0|o|0|391.0|47.259550,11.337901
E|5|6|R|08/26|45.0|o|0|420.9|
E|6|7|R|08/26|45.0|o|0|69.2|
E|7|8|R|08/26|45.0|o|0|244.2|
E|8|9|R|08/26|45.0|o|0|61.7|
E|9|10|R|08/26|45.0|o|0|171.0|
E|10|11|R|08/26|45.0|o|0|150.3|
E|12|13|T|A|23.0|d|0|452.3|47.257879,11.339239;47.257833,11.339384;47.257780,11.339597;47.257737,11.339829;47.257712,11.340039;47.257697,11.340235;47.257694,11.340448;47.257706,11.340699
E|13|14|T|A|23.0|d|0|41.5|47.258210,11.345220
E|14|15|T|A|23.0|d|0|528.7|47.258392,11.347022
E|15|16|T|A|23.0|d|0|53.4|47.259009,11.352672;47.259037,11.352774;47.259071,11.352830;47.259118,11.352869;47.259154,11.352891
E|17|8|T|B|23.0|d|0|47.6|47.260889,11.352497;47.260911,11.352486;47.260932,11.352472;47.260959,11.352452;47.260980,11.352428;47.261001,11.352400;47.261020,11.352365;47.261037,11.352331;47.261051,11.352296;47.261060,11.352264;47.261068,11.352224;47.261073,11.352188;47.261076,11.352138
E|14|18|T||23.0|d|0|30.2|47.258226,11.345427;47.258211,11.345370;47.258192,11.345327;47.258167,11.345290;47.258137,11.345262;47.258104,11.345245
E|18|13|T||23.0|d|0|28.9|47.258100,11.345211;47.258125,11.345186;47.258145,11.345151;47.258159,11.345126;47.258173,11.345082;47.258179,11.345026
E|19|4|T|Taxiway A|23.0|d|0|80.3|47.258980,11.337023;47.259023,11.336983;47.259059,11.336958;47.259098,11.336940;47.259127,11.336934;47.259180,11.336931;47.259224,11.336936;47.259279,11.336958;47.259323,11.336991;47.259368,11.337033;47.259413,11.337099;47.259444,11.337165;47.259464,11.337230
E|20|21|T|Z|23.0|d|0|14.6|
E|21|22|T|Z|23.0|d|0|118.1|
E|22|6|T|Z|23.0|d|0|45.2|47.260883,11.348285;47.260848,11.348279;47.260822,11.348268;47.260796,11.348251;47.260771,11.348231;47.260746,11.348207;47.260730,11.348188;47.260710,11.348161;47.260692,11.348131;47.260676,11.348095;47.260661,11.348053
E|17|9|T|B|23.0|d|0|45.1|47.260893,11.352509;47.260919,11.352510;47.260944,11.352515;47.260967,11.352525;47.260988,11.352538;47.261014,11.352557;47.261047,11.352586;47.261080,11.352623;47.261102,11.352658;47.261121,11.352699;47.261135,11.352741;47.261144,11.352773
E|18|23|T|L|23.0|d|0|21.9|
E|23|24|T|L|23.0|d|0|31.6|
E|24|25|T||23.0|d|0|34.4|47.257561,11.345352;47.257547,11.345345;47.257538,11.345336;47.257527,11.345320;47.257518,11.345301;47.257512,11.345277;47.257501,11.345186
E|25|26|T||23.0|d|0|16.2|
E|26|27|T||23.0|d|0|118.7|47.257419,11.344457;47.257396,11.344227;47.257370,11.343992;47.257347,11.343776
E|28|1|T||23.0|d|0|246.0|47.258754,11.330785;47.258694,11.330676;47.258619,11.330621;47.258547,11.330611;47.258463,11.330626;47.258397,11.330682;47.258343,11.330782;47.258318,11.330884;47.258313,11.331042;47.258378,11.331609;47.258393,11.331671;47.258437,11.331772;47.258934,11.332646
E|22|7|T|Z|23.0|d|0|51.3|47.260893,11.348313;47.260875,11.348328;47.260855,11.348347;47.260839,11.348367;47.260824,11.348385;47.260806,11.348413;47.260789,11.348440;47.260773,11.348469;47.260757,11.348505;47.260744,11.348548;47.260733,11.348601;47.260730,11.348648;47.260731,11.348693
E|11|10|T||23.0|d|0|247.9|47.261619,11.357061;47.261604,11.357201;47.261566,11.357303;47.261505,11.357379;47.261445,11.357424;47.261344,11.357436;47.261265,11.357401;47.261208,11.357343;47.261155,11.357246;47.261128,11.357121;47.261073,11.356587;47.261073,11.356496;47.261091,11.356398;47.261391,11.355258;47.261403,11.355184
E|25|29|T||23.0|d|0|11.5|47.257462,11.344937;47.257450,11.344920;47.257441,11.344910;47.257430,11.344901;47.257419,11.344894;47.257408,11.344889
E|29|26|T||23.0|d|0|12.6|47.257408,11.344875;47.257419,11.344864;47.257430,11.344851;47.257438,11.344835;47.257444,11.344814;47.257451,11.344787
E|29|30|T||23.0|d|0|102.1|47.257341,11.344899
E|2|31|T|Y|23.0|d|0|137.7|47.259829,11.332898
E|31|32|T|Y|23.0|d|0|33.9|
E|33|34|R||47.2|o|0|348.7|
E|24|35|T||23.0|d|0|32.4|47.257562,11.345379;47.257548,11.345394;47.257538,11.345416;47.257527,11.345446;47.257521,11.345480;47.257520,11.345510
E|19|36|T|A|23.0|d|0|131.8|
E|36|12|T|A|23.0|d|0|57.0|
E|3|19|T|A|23.0|d|0|97.8|47.259344,11.336082;47.259346,11.336148;47.259344,11.336185;47.259339,11.336222;47.259332,11.336255;47.259321,11.336294;47.259309,11.336326;47.259290,11.336365
E|16|37|T|B|23.0|d|0|71.5|47.259404,11.352857
E|37|17|T|B|23.0|d|0|113.9|
E|28|0|R||45.0|o|0|59.3|
E|30|38|S||||0|88.2|
E|30|39|S||||0|72.8|
E|30|40|S||||0|133.4|
E|30|41|S||||0|126.1|
E|5|34|S||||0|197.2|
S|S1|47.255329|11.345558|164.9|40|n
S|S2|47.255369|11.345374|170.5|41|n
S|S3|47.255727|11.345431|163.4|38|n
S|S4|47.255901|11.345528|153.5|39|n
P|A|Hangarvorfeld|47.257347,11.343162;47.257035,11.343239;47.257147,11.344178;47.257192,11.344632;47.256822,11.344724;47.256756,11.344760;47.256376,11.344845;47.256342,11.345009;47.256363,11.345234;47.256436,11.345326;47.256535,11.345350;47.256728,11.345315;47.256799,11.345274;47.257168,11.345185;47.257263,11.346106;47.257265,11.346154;47.257369,11.347060;47.257371,11.347115;47.257474,11.348029;47.257717,11.347969;47.257638,11.347238;47.257790,11.347199;47.257719,11.346592;47.257840,11.346553;47.257788,11.346091;47.257661,11.346122|25,0,1;25,1,2;25,2,3;3,4,5;5,6,7;5,7,8;5,8,9;5,9,10;5,10,11;5,11,12;5,12,13;14,15,16;16,17,18;16,18,19;16,19,20;16,20,21;16,21,22;22,23,24;22,24,25;22,25,3;3,5,13;3,13,14;3,14,16;3,16,22
P|A|Hauptvorfeld|47.258115,11.347115;47.257638,11.347238;47.258412,11.354341;47.259460,11.354108;47.259380,11.353331;47.259393,11.353262;47.259072,11.353335;47.258754,11.353013|7,0,1;7,1,2;7,2,3;4,5,6;6,7,3;6,3,4
P|A|Vorfeld Nord|47.261948,11.346837;47.261879,11.346842;47.262017,11.348096;47.262106,11.348234;47.262118,11.348330;47.262126,11.348437;47.262066,11.348598;47.262115,11.349134;47.262168,11.349141;47.262171,11.348385;47.262314,11.348383;47.262317,11.347546;47.262211,11.347553;47.262207,11.347376;47.262171,11.346842;47.262175,11.346545;47.262562,11.346556;47.262535,11.346028;47.262189,11.346010;47.262197,11.345757;47.262162,11.345731;47.262143,11.345445;47.261789,11.345497|21,22,0;0,1,2;0,2,3;0,3,4;5,6,7;5,7,8;5,8,9;9,10,11;9,11,12;9,12,13;9,13,14;15,16,17;15,17,18;18,19,20;20,21,0;20,0,4;20,4,5;20,5,9;20,9,14;20,14,15;20,15,18
P|H|Christophorus 1|47.255562,11.345618;47.255425,11.345539;47.255372,11.345751;47.255507,11.345826|2,3,0;2,0,1
P|H|Flugeinsatzstelle Innsbruck|47.255620,11.345392;47.255482,11.345312;47.255425,11.345539;47.255562,11.345618|2,3,0;2,0,1
P|H|Flugsportzentrum Tirol|47.262175,11.346545;47.262171,11.346842;47.262558,11.346854;47.262562,11.346556|2,3,0;2,0,1
P|H|Flugsportzentrum-Tirol|47.262529,11.345756;47.262197,11.345757;47.262189,11.346010;47.262535,11.346028|2,3,0;2,0,1
P|H|Hangar Süd 1|47.257013,11.347251;47.257111,11.348118;47.257474,11.348029;47.257376,11.347162|2,3,0;2,0,1
P|H|Hangar Süd 2|47.256901,11.346282;47.257000,11.347152;47.257369,11.347060;47.257269,11.346191|2,3,0;2,0,1
P|H|Hangar Süd 3|47.256896,11.346203;47.257263,11.346106;47.257168,11.345185;47.256799,11.345274|2,3,0;2,0,1
P|H|Hangar Süd 4|47.257118,11.343933;47.257147,11.344178;47.257192,11.344632;47.256822,11.344724;47.256772,11.344583;47.256733,11.344430;47.256711,11.344290;47.256698,11.344128;47.256712,11.343975;47.256743,11.343836;47.256729,11.343731;47.257084,11.343652|1,0,11;1,11,10;1,10,9;1,9,8;1,8,7;1,7,6;1,6,5;1,5,4;1,4,3;1,3,2
P|H|Hangars Nord 1 - 3|47.262171,11.348385;47.262168,11.349141;47.262410,11.349144;47.262414,11.348387;47.262314,11.348383|3,4,0;3,0,1;3,1,2
P|H|Heliair Helikopter Air Transport GmbH|47.256006,11.345738;47.255918,11.346082;47.255634,11.345922;47.255723,11.345581|1,0,3;1,3,2
P|H|Innsbrucker Segelfliegervereinigung|47.262527,11.345679;47.262162,11.345731;47.262143,11.345445;47.262509,11.345394|1,0,3;1,3,2
P|T||47.257565,11.348930;47.257236,11.349012;47.257453,11.350880;47.257422,11.350886;47.257517,11.351790;47.257546,11.351784;47.257554,11.351864;47.257506,11.351874;47.257571,11.352476;47.257796,11.352428;47.257815,11.352614;47.257837,11.352640;47.257842,11.352702;47.257823,11.352741;47.257859,11.353042;47.258014,11.353010;47.257939,11.352292;47.258011,11.352278;47.257818,11.350495;47.257759,11.350508;47.257742,11.350371;47.257672,11.350390;47.257648,11.350141;47.257697,11.350131;47.257646,11.349638;47.257677,11.349629;47.257665,11.349518;47.257634,11.349527|27,0,1;27,1,2;2,3,4;2,4,5;6,7,8;6,8,9;9,10,11;12,13,14;12,14,15;12,15,16;16,17,18;16,18,19;16,19,20;16,20,21;22,23,24;24,25,26;24,26,27;24,27,2;24,2,5;24,5,6;11,12,16;11,16,21;11,21,22;22,24,6;22,6,9;22,9,11
